  10.58900      2.160000      21.00000     0.1921000      3.038300      13.65944     0.7823812     0.7867379      1.005568      1.001300    
  10.58900      2.170000      21.00000     0.1932000      3.052400      13.62658     0.7845910     0.7889079      1.005502      1.001300    
  10.58900      2.180000      21.00000     0.1943000      3.066500      13.59371     0.7867940     0.7910264      1.005379      1.001300    
  10.58900      2.190000      21.00000     0.1954000      3.080500      13.56095     0.7889182     0.7931645      1.005382      1.001300    
  10.58900      2.200000      21.00000     0.1966000      3.094600      13.52808     0.7911300     0.7952271      1.005179      1.001400    
  10.58900      2.210000      21.00000     0.1977000      3.108700      13.49522     0.7931907     0.7972695      1.005142      1.001400    
  10.58900      2.220000      21.00000     0.1988000      3.122700      13.46245     0.7952179     0.7992696      1.005095      1.001400    
  10.58900      2.230000      21.00000     0.2000000      3.136800      13.42958     0.7968608     0.8012765      1.005541      1.001400    
  10.58900      2.240000      21.00000     0.2011000      3.150900      13.39672     0.7990114     0.8032864      1.005350      1.001400    
  10.58900      2.250000      21.00000     0.2022000      3.164900      13.36395     0.8009978     0.8052513      1.005310      1.001400    
  10.58900      2.260000      21.00000     0.2034000      3.179000      13.33109     0.8031897     0.8072362      1.005038      1.001400    
  10.58900      2.270000      21.00000     0.2045000      3.193100      13.29822     0.8052142     0.8092078      1.004960      1.001400    
  10.58900      2.280000      21.00000     0.2057000      3.207100      13.26546     0.8071734     0.8111650      1.004945      1.001400    
  10.58900      2.290000      21.00000     0.2068000      3.221200      13.23259     0.8091281     0.8131228      1.004937      1.001400    
  10.58900      2.300000      21.00000     0.2080000      3.235300      13.19973     0.8111213     0.8150686      1.004866      1.001400    
  10.58900      2.310000      21.00000     0.2091000      3.249300      13.16696     0.8129077     0.8170103      1.005047      1.001400    
  10.58900      2.320000      21.00000     0.2103000      3.263400      13.13410     0.8148802     0.8189198      1.004957      1.001400    
  10.58900      2.330000      21.00000     0.2115000      3.277500      13.10123     0.8168094     0.8204470      1.004453      1.001400    
  10.58900      2.340000      21.00000     0.2126000      3.291500      13.06846     0.8194957     0.8223649      1.003501      1.001400    
  10.58900      2.350000      21.00000     0.2138000      3.305600      13.03560     0.8214344     0.8242965      1.003484      1.001400    
  10.58900      2.360000      21.00000     0.2150000      3.319700      13.00274     0.8225912     0.8261101      1.004278      1.001500    
  10.58900      2.370000      21.00000     0.2161000      3.333700      12.96997     0.8243999     0.8278998      1.004245      1.001500    
  10.58900      2.380000      21.00000     0.2173000      3.347800      12.93710     0.8261597     0.8300366      1.004693      1.001500    
  10.58900      2.390000      21.00000     0.2185000      3.361900      12.90424     0.8278984     0.8318230      1.004740      1.001500    
  10.58900      2.400000      21.00000     0.2197000      3.375900      12.87147     0.8296651     0.8335665      1.004702      1.001500    
  10.58900      2.410000      21.00000     0.2209000      3.390000      12.83861     0.8318432     0.8353239      1.004184      1.001500    
  10.58900      2.420000      21.00000     0.2221000      3.404100      12.80574     0.8336993     0.8370745      1.004048      1.001500    
  10.58900      2.430000      21.00000     0.2232000      3.418100      12.77298     0.8355259     0.8388178      1.003940      1.001500    
  10.58900      2.440000      21.00000     0.2244000      3.432200      12.74011     0.8372846     0.8405534      1.003904      1.001500    
  10.58900      2.450000      21.00000     0.2256000      3.446300      12.70725     0.8386559     0.8422808      1.004322      1.001500    
  10.58900      2.460000      21.00000     0.2268000      3.460300      12.67448     0.8403413     0.8439994      1.004353      1.001500    
  10.58900      2.470000      21.00000     0.2280000      3.474400      12.64161     0.8420960     0.8457089      1.004290      1.001500    
  10.58900      2.480000      21.00000     0.2292000      3.488500      12.60875     0.8438143     0.8461587      1.002778      1.001500    
  10.58900      2.490000      21.00000     0.2305000      3.502500      12.57598     0.8455470     0.8478920      1.002773      1.001500    
  10.58900      2.500000      21.00000     0.2317000      3.516600      12.54312     0.8473182     0.8496155      1.002711      1.001500    
  10.58900      2.510000      21.00000     0.2329000      3.530700      12.51025     0.8490735     0.8525153      1.004054      1.001500    
  10.58900      2.520000      21.00000     0.2341000      3.544700      12.47749     0.8508434     0.8542244      1.003974      1.001500    
  10.58900      2.530000      21.00000     0.2353000      3.558800      12.44462     0.8525938     0.8558176      1.003781      1.001600    
  10.58900      2.540000      21.00000     0.2365000      3.572800      12.41186     0.8545212     0.8573753      1.003340      1.001600    
  10.58900      2.550000      21.00000     0.2378000      3.586900      12.37899     0.8557181     0.8589608      1.003789      1.001600    
  10.58900      2.560000      21.00000     0.2390000      3.601000      12.34612     0.8574723     0.8605323      1.003569      1.001600    
  10.58900      2.570000      21.00000     0.2402000      3.615000      12.31336     0.8592782     0.8621089      1.003294      1.001600    
  10.58900      2.580000      21.00000     0.2415000      3.629100      12.28049     0.8607018     0.8636905      1.003472      1.001600    
  10.58900      2.590000      21.00000     0.2427000      3.643200      12.24763     0.8622780     0.8652369      1.003431      1.001600    
  10.58900      2.600000      21.00000     0.2439000      3.657200      12.21486     0.8638912     0.8668075      1.003376      1.001600    
  10.58900      2.610000      21.00000     0.2452000      3.671300      12.18200     0.8654684     0.8683620      1.003343      1.001600    
  10.58900      2.620000      21.00000     0.2464000      3.685400      12.14913     0.8669254     0.8698761      1.003404      1.001600    
  10.58900      2.630000      21.00000     0.2477000      3.699400      12.11637     0.8685276     0.8714583      1.003374      1.001600    
  10.58900      2.640000      21.00000     0.2489000      3.713500      12.08350     0.8708558     0.8729818      1.002441      1.001600    
  10.58900      2.650000      21.00000     0.2502000      3.727600      12.05064     0.8736598     0.8745288      1.000995      1.001600    
  10.58900      2.660000      21.00000     0.2515000      3.741600      12.01787     0.8748115     0.8760544      1.001421      1.001500    
  10.58900      2.670000      21.00000     0.2527000      3.755700      11.98501     0.8748051     0.8775854      1.003178      1.001500    
  10.58900      2.680000      21.00000     0.2540000      3.769800      11.95214     0.8764153     0.8791152      1.003081      1.001500    
  10.58900      2.690000      21.00000     0.2553000      3.783800      11.91938     0.8780894     0.8806254      1.002888      1.001500    
  10.58900      2.700000      21.00000     0.2565000      3.797900      11.88651     0.8795682     0.8821806      1.002970      1.001600    
  10.58900      2.710000      21.00000     0.2578000      3.812000      11.85364     0.8810244     0.8835792      1.002900      1.001600    
  10.58900      2.720000      21.00000     0.2591000      3.826000      11.82088     0.8825216     0.8849996      1.002808      1.001600    
  10.58900      2.730000      21.00000     0.2604000      3.840100      11.78801     0.8840296     0.8864200      1.002704      1.001600    
  10.58900      2.740000      21.00000     0.2617000      3.854200      11.75515     0.8855218     0.8878855      1.002669      1.001600    
  10.58900      2.750000      21.00000     0.2630000      3.868200      11.72238     0.8870075     0.8893055      1.002591      1.001600    
  10.58900      2.760000      21.00000     0.2643000      3.882300      11.68952     0.8885052     0.8906759      1.002443      1.001600    
  10.58900      2.770000      21.00000     0.2656000      3.896400      11.65665     0.8900253     0.8920706      1.002298      1.001600    
  10.58900      2.780000      21.00000     0.2669000      3.910400      11.62389     0.8913047     0.8934871      1.002449      1.001600    
  10.58900      2.790000      21.00000     0.2682000      3.924500      11.59102     0.8929399     0.8948522      1.002141      1.001600    
  10.58900      2.800000      21.00000     0.2695000      3.938600      11.55816     0.8944887     0.8962411      1.001959      1.001600    
  10.58900      2.810000      21.00000     0.2708000      3.952600      11.52539     0.8959468     0.8976492      1.001900      1.001600    
  10.58900      2.820000      21.00000     0.2721000      3.966700      11.49253     0.8973834     0.8990549      1.001863      1.001600    
  10.58900      2.830000      21.00000     0.2734000      3.980800      11.45966     0.8988574     0.9004581      1.001781      1.001600    
  10.58900      2.840000      21.00000     0.2747000      3.994800      11.42689     0.9003386     0.9018586      1.001688      1.001600    
  10.58900      2.850000      21.00000     0.2760000      4.008900      11.39403     0.9017977     0.9032559      1.001617      1.001600    
  10.58900      2.860000      21.00000     0.2774000      4.023000      11.36116     0.9032651     0.9046749      1.001561      1.001600    
  10.58900      2.870000      21.00000     0.2787000      4.037000      11.32840     0.9047091     0.9060628      1.001496      1.001600    
  10.58900      2.880000      21.00000     0.2800000      4.051100      11.29553     0.9061610     0.9074469      1.001419      1.001600    
  10.58900      2.890000      21.00000     0.2814000      4.065200      11.26266     0.9076023     0.9088523      1.001377      1.001600    
  10.58900      2.900000      21.00000     0.2827000      4.079200      11.22990     0.9090280     0.9101605      1.001246      1.001700    
  10.58900      2.910000      21.00000     0.2841000      4.093300      11.19703     0.9104643     0.9114583      1.001092      1.001700    
  10.58900      2.920000      21.00000     0.2854000      4.107400      11.16417     0.9118583     0.9127479      1.000975      1.001700    
  10.58900      2.930000      21.00000     0.2868000      4.121400      11.13140     0.9131805     0.9140602      1.000963      1.001700    
  10.58900      2.940000      21.00000     0.2881000      4.135500      11.09854     0.9146352     0.9153374      1.000768      1.001700    
  10.58900      2.950000      21.00000     0.2895000      4.149600      11.06567     0.9161440     0.9166079      1.000506      1.001700    
  10.58900      2.960000      21.00000     0.2908000      4.163600      11.03291     0.9172559     0.9178982      1.000700      1.001700    
  10.58900      2.970000      21.00000     0.2922000      4.177700      11.00004     0.9185958     0.9191816      1.000638      1.001700    
  10.58900      2.980000      21.00000     0.2936000      4.191800      10.96718     0.9203511     0.9204853      1.000146      1.001700    
  10.58900      2.990000      21.00000     0.2949000      4.205800      10.93441     0.9217860     0.9217790     0.9999924      1.001700    
  10.58900      3.000000      21.00000     0.2963000      4.219900      10.90155     0.9232272     0.9230956     0.9998575      1.001700    
  10.58900      3.010000      21.00000     0.2977000      4.234000      10.86868     0.9239986     0.9243716      1.000404      1.001700    
  10.58900      3.020000      21.00000     0.2991000      4.248000      10.83591     0.9253420     0.9256698      1.000354      1.001700    
  10.58900      3.030000      21.00000     0.3005000      4.262100      10.80305     0.9266712     0.9269596      1.000311      1.001700    
  10.58900      3.040000      21.00000     0.3019000      4.276200      10.77018     0.9280376     0.9282674      1.000248      1.001700    
  10.58900      3.050000      21.00000     0.3033000      4.290200      10.73742     0.9294432     0.9295663      1.000132      1.001700    
  10.58900      3.060000      21.00000     0.3047000      4.304300      10.70455     0.9309037     0.9308561     0.9999489      1.001700    
  10.58900      3.070000      21.00000     0.3061000      4.318400      10.67169     0.9322639     0.9321340     0.9998608      1.001700    
  10.58900      3.080000      21.00000     0.3075000      4.332400      10.63892     0.9335907     0.9334019     0.9997978      1.001700    
  10.58900      3.090000      21.00000     0.3089000      4.346500      10.60606     0.9351354     0.9347199     0.9995556      1.001700    
  10.58900      3.100000      21.00000     0.3103000      4.360600      10.57319     0.9366674     0.9359953     0.9992825      1.001700    
  10.58900      3.110000      21.00000     0.3117000      4.374600      10.54043     0.9381593     0.9372166     0.9989952      1.001800    
  10.58900      3.120000      21.00000     0.3131000      4.388700      10.50756     0.9394845     0.9384243     0.9988715      1.001800    
  10.58900      3.130000      21.00000     0.3145000      4.402800      10.47470     0.9408116     0.9396201     0.9987335      1.001800    
  10.58900      3.140000      21.00000     0.3160000      4.416800      10.44193     0.9421415     0.9408349     0.9986132      1.001800    
  10.58900      3.150000      21.00000     0.3174000      4.430900      10.40906     0.9434918     0.9420691     0.9984921      1.001800    
  10.58900      3.160000      21.00000     0.3188000      4.445000      10.37620     0.9446908     0.9432890     0.9985161      1.001800    
  10.58900      3.170000      21.00000     0.3203000      4.459000      10.34343     0.9468346     0.9444958     0.9975299      1.001800    
  10.58900      3.180000      21.00000     0.3217000      4.473100      10.31057     0.9481755     0.9456875     0.9973759      1.001800    
  10.58900      3.190000      21.00000     0.3232000      4.487200      10.27770     0.9495175     0.9469328     0.9972779      1.001800    
  10.58900      3.200000      21.00000     0.3246000      4.501200      10.24494     0.9499291     0.9481297     0.9981058      1.001800    
  10.58900      3.210000      21.00000     0.3261000      4.515300      10.21207     0.9512855     0.9493774     0.9979941      1.001800    
  10.58900      3.220000      21.00000     0.3275000      4.529400      10.17921     0.9526014     0.9506128     0.9979125      1.001800    
  10.58900      3.230000      21.00000     0.3290000      4.543400      10.14644     0.9539589     0.9518322     0.9977707      1.001800    
  10.58900      3.240000      21.00000     0.3305000      4.557500      10.11358     0.9553977     0.9530349     0.9975269      1.001800    
  10.58900      3.250000      21.00000     0.3319000      4.571600      10.08071     0.9567557     0.9542930     0.9974259      1.001800    
  10.58900      3.260000      21.00000     0.3334000      4.585600      10.04795     0.9583651     0.9554629     0.9969717      1.001800    
  10.58900      3.270000      21.00000     0.3349000      4.599700      10.01508     0.9594729     0.9566882     0.9970977      1.001800    
  10.58900      3.280000      21.00000     0.3364000      4.613800      9.982214     0.9608094     0.9579315     0.9970047      1.001800    
  10.58900      3.290000      21.00000     0.3379000      4.627800      9.949450     0.9621453     0.9591585     0.9968958      1.001800    
  10.58900      3.300000      21.00000     0.3394000      4.641900      9.916582     0.9634155     0.9603674     0.9968361      1.001900    
  10.58900      3.310000      21.00000     0.3409000      4.656000      9.883718     0.9649892     0.9617047     0.9965963      1.001900    
  10.58900      3.320000      21.00000     0.3424000      4.670000      9.850952     0.9662799     0.9629530     0.9965571      1.001900    
  10.58900      3.330000      21.00000     0.3439000      4.684100      9.818087     0.9675430     0.9641016     0.9964431      1.001900    
  10.58900      3.340000      21.00000     0.3454000      4.698200      9.785221     0.9687333     0.9652298     0.9963834      1.001900    
  10.58900      3.350000      21.00000     0.3469000      4.712200      9.752457     0.9699649     0.9664141     0.9963392      1.001900    
  10.58900      3.360000      21.00000     0.3484000      4.726300      9.719591     0.9712156     0.9675401     0.9962155      1.002000    
  10.58900      3.370000      21.00000     0.3499000      4.740400      9.686726     0.9724178     0.9686844     0.9961607      1.002000    
  10.58900      3.380000      21.00000     0.3514000      4.754400      9.653959     0.9735922     0.9698471     0.9961534      1.002000    
  10.58900      3.390000      21.00000     0.3530000      4.768500      9.621094     0.9748082     0.9709883     0.9960814      1.002000    
  10.58900      3.400000      21.00000     0.3545000      4.782600      9.588228     0.9760197     0.9721873     0.9960734      1.002000    
  10.58900      3.410000      21.00000     0.3560000      4.796600      9.555464     0.9772744     0.9733252     0.9959590      1.002000    
  10.58900      3.420000      21.00000     0.3576000      4.810700      9.522597     0.9787886     0.9745215     0.9956405      1.002000    
  10.58900      3.430000      21.00000     0.3591000      4.824800      9.489732     0.9800119     0.9756553     0.9955545      1.002000    
  10.58900      3.440000      21.00000     0.3607000      4.838800      9.456967     0.9812546     0.9768481     0.9955093      1.002000    
  10.58900      3.450000      21.00000     0.3622000      4.852900      9.424102     0.9821227     0.9780192     0.9958218      1.002000    
  10.58900      3.460000      21.00000     0.3638000      4.867000      9.391236     0.9833266     0.9792082     0.9958118      1.002000    
  10.58900      3.470000      21.00000     0.3654000      4.881000      9.358470     0.9845993     0.9804165     0.9957518      1.002000    
  10.58900      3.480000      21.00000     0.3669000      4.895100      9.325605     0.9869806     0.9816012     0.9945496      1.002000    
  10.58900      3.490000      21.00000     0.3685000      4.909200      9.292740     0.9882012     0.9827616     0.9944954      1.002000    
  10.58900      3.500000      21.00000     0.3701000      4.923200      9.259974     0.9880754     0.9839845     0.9958597      1.002000    
  10.58900      3.510000      21.00000     0.3717000      4.937300      9.227108     0.9891405     0.9851391     0.9959548      1.002000    
  10.58900      3.520000      21.00000     0.3733000      4.951400      9.194244     0.9905097     0.9863562     0.9958067      1.002000    
  10.58900      3.530000      21.00000     0.3748000      4.965400      9.161478     0.9920857     0.9875487     0.9954268      1.002000    
  10.58900      3.540000      21.00000     0.3764000      4.979500      9.128613     0.9935004     0.9887599     0.9952285      1.002000    
  10.58900      3.550000      21.00000     0.3780000      4.993500      9.095846     0.9948570     0.9899909     0.9951088      1.002000    
  10.58900      3.560000      21.00000     0.3796000      5.007600      9.062983     0.9962350     0.9911500     0.9948958      1.002000    
  10.58900      3.570000      21.00000     0.3813000      5.021700      9.030117     0.9975799     0.9922806     0.9946879      1.002100    
  10.58900      3.580000      21.00000     0.3829000      5.035700      8.997351     0.9988911     0.9934763     0.9945791      1.002100    
  10.58900      3.590000      21.00000     0.3845000      5.049800      8.964485      1.000252     0.9945979     0.9943478      1.002100    
  10.58900      3.600000      21.00000     0.3861000      5.063900      8.931620      1.001550     0.9956906     0.9941500      1.002100    
  10.58900      3.610000      21.00000     0.3877000      5.077900      8.898855      1.002812     0.9968491     0.9940539      1.002100    
  10.58900      3.620000      21.00000     0.3894000      5.092000      8.865990      1.004124     0.9980267     0.9939281      1.002100    
  10.58900      3.630000      21.00000     0.3910000      5.106100      8.833124      1.005486     0.9991750     0.9937238      1.002100    
  10.58900      3.640000      21.00000     0.3926000      5.120100      8.800358      1.006109      1.000294     0.9942201      1.002100    
  10.58900      3.650000      21.00000     0.3943000      5.134200      8.767492      1.007568      1.001480     0.9939577      1.002200    
  10.58900      3.660000      21.00000     0.3959000      5.148300      8.734627      1.009111      1.002586     0.9935338      1.002200    
  10.58900      3.670000      21.00000     0.3976000      5.162300      8.701862      1.010621      1.003762     0.9932128      1.002200    
  10.58900      3.680000      21.00000     0.3993000      5.176400      8.668995      1.012186      1.004905     0.9928069      1.002200    
  10.58900      3.690000      21.00000     0.4009000      5.190500      8.636131      1.013533      1.006120     0.9926860      1.002200    
  10.58900      3.700000      21.00000     0.4026000      5.204500      8.603365      1.015088      1.007251     0.9922793      1.002200    
  10.58900      3.710000      21.00000     0.4043000      5.218600      8.570500      1.016701      1.008401     0.9918364      1.002200    
  10.58900      3.720000      21.00000     0.4059000      5.232700      8.537634      1.018247      1.009571     0.9914792      1.002200    
  10.58900      3.730000      21.00000     0.4076000      5.246700      8.504869      1.019628      1.010759     0.9913020      1.002200    
  10.58900      3.740000      21.00000     0.4093000      5.260800      8.472004      1.021129      1.011969     0.9910293      1.002200    
  10.58900      3.750000      21.00000     0.4110000      5.274900      8.439138      1.022623      1.013144     0.9907308      1.002200    
  10.58900      3.760000      21.00000     0.4127000      5.288900      8.406373      1.024077      1.014286     0.9904385      1.002200    
  10.58900      3.770000      21.00000     0.4144000      5.303000      8.373507      1.025524      1.015446     0.9901731      1.002200    
  10.58900      3.780000      21.00000     0.4161000      5.317100      8.340643      1.026928      1.016681     0.9900222      1.002200    
  10.58900      3.790000      21.00000     0.4178000      5.331100      8.307877      1.028355      1.017882     0.9898158      1.002200    
  10.58900      3.800000      21.00000     0.4196000      5.345200      8.275011      1.029740      1.019047     0.9896157      1.002300    
  10.58900      3.810000      21.00000     0.4213000      5.359300      8.242146      1.031147      1.020232     0.9894146      1.002300    
  10.58900      3.820000      21.00000     0.4230000      5.373300      8.209381      1.032476      1.021381     0.9892538      1.002300    
  10.58900      3.830000      21.00000     0.4248000      5.387400      8.176515      1.033410      1.022552     0.9894933      1.002400    
  10.58900      3.840000      21.00000     0.4265000      5.401500      8.143649      1.034359      1.023626     0.9896235      1.002400    
  10.58900      3.850000      21.00000     0.4282000      5.415500      8.110884      1.035684      1.024837     0.9895269      1.002400    
  10.58900      3.860000      21.00000     0.4300000      5.429600      8.078020      1.037034      1.025950     0.9893118      1.002400    
  10.58900      3.870000      21.00000     0.4317000      5.443700      8.045153      1.038373      1.027143     0.9891855      1.002400    
  10.58900      3.880000      21.00000     0.4335000      5.457700      8.012388      1.039772      1.028234     0.9889036      1.002400    
  10.58900      3.890000      21.00000     0.4353000      5.471800      7.979521      1.041053      1.029346     0.9887546      1.002400    
  10.58900      3.900000      21.00000     0.4370000      5.485900      7.946657      1.042320      1.030539     0.9886976      1.002400    
  10.58900      3.910000      21.00000     0.4388000      5.499900      7.913891      1.043725      1.031691     0.9884697      1.002400    
  10.58900      3.920000      21.00000     0.4406000      5.514000      7.881026      1.045080      1.032863     0.9883094      1.002400    
  10.58900      3.930000      21.00000     0.4424000      5.528100      7.848160      1.046421      1.034057     0.9881843      1.002400    
  10.58900      3.940000      21.00000     0.4442000      5.542100      7.815395      1.047549      1.035141     0.9881560      1.002500    
  10.58900      3.950000      21.00000     0.4460000      5.556200      7.782530      1.048897      1.036378     0.9880639      1.002500    
  10.58900      3.960000      21.00000     0.4478000      5.570300      7.749664      1.049948      1.037503     0.9881475      1.002500    
  10.58900      3.970000      21.00000     0.4496000      5.584300      7.716898      1.051140      1.038716     0.9881807      1.002500    
  10.58900      3.980000      21.00000     0.4514000      5.598400      7.684033      1.052312      1.039884     0.9881899      1.002500    
  10.58900      3.990000      21.00000     0.4532000      5.612500      7.651168      1.054558      1.041004     0.9871478      1.002500    
  10.58900      4.000000      21.00000     0.4550000      5.626500      7.618402      1.056342      1.042215     0.9866260      1.002500    
  10.58900      4.010000      21.00000     0.4569000      5.640600      7.585536      1.057817      1.043378     0.9863499      1.002500    
  10.58900      4.020000      21.00000     0.4587000      5.654700      7.552671      1.059233      1.044561     0.9861483      1.002500    
  10.58900      4.030000      21.00000     0.4606000      5.668700      7.519906      1.060590      1.045767     0.9860242      1.002500    
  10.58900      4.040000      21.00000     0.4624000      5.682800      7.487041      1.061841      1.046924     0.9859522      1.002600    
  10.58900      4.050000      21.00000     0.4643000      5.696900      7.454175      1.063113      1.048176     0.9859497      1.002600    
  10.58900      4.060000      21.00000     0.4661000      5.710900      7.421410      1.064094      1.049302     0.9860988      1.002600    
  10.58900      4.070000      21.00000     0.4680000      5.725000      7.388544      1.065182      1.050452     0.9861707      1.002600    
  10.58900      4.080000      21.00000     0.4699000      5.739100      7.355679      1.066530      1.051698     0.9860933      1.002600    
  10.58900      4.090000      21.00000     0.4717000      5.753100      7.322913      1.068136      1.052969     0.9858012      1.002700    
  10.58900      4.100000      21.00000     0.4736000      5.767200      7.290049      1.069410      1.054040     0.9856279      1.002700    
  10.58900      4.110000      21.00000     0.4755000      5.781300      7.257182      1.070708      1.055208     0.9855234      1.002700    
  10.58900      4.120000      21.00000     0.4774000      5.795300      7.224418      1.071987      1.056321     0.9853861      1.002700    
  10.58900      4.130000      21.00000     0.4793000      5.809400      7.191551      1.073389      1.057457     0.9851570      1.002700    
  10.58900      4.140000      21.00000     0.4812000      5.823500      7.158687      1.074770      1.058613     0.9849673      1.002700    
  10.58900      4.150000      21.00000     0.4831000      5.837500      7.125920      1.076080      1.059790     0.9848616      1.002800    
  10.58900      4.160000      21.00000     0.4850000      5.851600      7.093056      1.077519      1.060912     0.9845878      1.002800    
  10.58900      4.170000      21.00000     0.4870000      5.865700      7.060190      1.078882      1.062134     0.9844759      1.002800    
  10.58900      4.180000      21.00000     0.4889000      5.879700      7.027425      1.080119      1.063296     0.9844248      1.002800    
  10.58900      4.190000      21.00000     0.4908000      5.893800      6.994559      1.081434      1.064484     0.9843268      1.002800    
  10.58900      4.200000      21.00000     0.4928000      5.907900      6.961694      1.082829      1.065522     0.9840170      1.002800    
  10.58900      4.210000      21.00000     0.4947000      5.921900      6.928928      1.084198      1.066840     0.9839902      1.002800    
  10.58900      4.220000      21.00000     0.4967000      5.936000      6.896063      1.085654      1.067922     0.9836663      1.002800    
  10.58900      4.230000      21.00000     0.4986000      5.950100      6.863197      1.087089      1.069113     0.9834641      1.002900    
  10.58900      4.240000      21.00000     0.5006000      5.964100      6.830432      1.088721      1.070326     0.9831041      1.002900    
  10.58900      4.250000      21.00000     0.5026000      5.978200      6.797566      1.090104      1.071385     0.9828285      1.002900    
  10.58900      4.260000      21.00000     0.5045000      5.992300      6.764700      1.091514      1.072645     0.9827126      1.002900    
  10.58900      4.270000      21.00000     0.5065000      6.006300      6.731936      1.092663      1.073838     0.9827715      1.002900    
  10.58900      4.280000      21.00000     0.5085000      6.020400      6.699069      1.094070      1.074961     0.9825346      1.002900    
  10.58900      4.290000      21.00000     0.5105000      6.034500      6.666205      1.095450      1.076203     0.9824296      1.003000    
  10.58900      4.300000      21.00000     0.5125000      6.048500      6.633439      1.096741      1.077373     0.9823403      1.003000    
  10.58900      4.310000      21.00000     0.5145000      6.062600      6.600574      1.098179      1.078470     0.9820530      1.003000    
  10.58900      4.320000      21.00000     0.5165000      6.076700      6.567708      1.099399      1.079783     0.9821577      1.003000    
  10.58900      4.330000      21.00000     0.5186000      6.090700      6.534943      1.100773      1.080928     0.9819719      1.003000    
  10.58900      4.340000      21.00000     0.5206000      6.104800      6.502077      1.102312      1.082092     0.9816568      1.003000    
  10.58900      4.350000      21.00000     0.5226000      6.118900      6.469213      1.103819      1.083383     0.9814858      1.003000    
  10.58900      4.360000      21.00000     0.5247000      6.132900      6.436446      1.105225      1.084597     0.9813359      1.003100    
  10.58900      4.370000      21.00000     0.5267000      6.147000      6.403582      1.106729      1.085699     0.9809976      1.003100    
  10.58900      4.380000      21.00000     0.5288000      6.161100      6.370715      1.108198      1.086919     0.9807988      1.003100    
  10.58900      4.390000      21.00000     0.5308000      6.175100      6.337951      1.110422      1.088043     0.9798468      1.003200    
  10.58900      4.400000      21.00000     0.5329000      6.189200      6.305084      1.111703      1.089221     0.9797772      1.003200    
  10.58900      4.410000      21.00000     0.5350000      6.203300      6.272220      1.113011      1.090454     0.9797329      1.003200    
  10.58900      4.420000      21.00000     0.5371000      6.217300      6.239453      1.114209      1.091636     0.9797411      1.003200    
  10.58900      4.430000      21.00000     0.5392000      6.231400      6.206589      1.115572      1.092753     0.9795452      1.003200    
  10.58900      4.440000      21.00000     0.5412000      6.245500      6.173723      1.116369      1.093936     0.9799052      1.003300    
  10.58900      4.450000      21.00000     0.5434000      6.259500      6.140958      1.117946      1.095108     0.9795713      1.003300    
  10.58900      4.460000      21.00000     0.5455000      6.273600      6.108092      1.119404      1.096292     0.9793531      1.003300    
  10.58900      4.470000      21.00000     0.5476000      6.287700      6.075227      1.120816      1.097475     0.9791750      1.003300    
  10.58900      4.480000      21.00000     0.5497000      6.301700      6.042461      1.122582      1.098659     0.9786891      1.003300    
  10.58900      4.490000      21.00000     0.5518000      6.315800      6.009596      1.123901      1.099840     0.9785917      1.003300    
  10.58900      4.500000      21.00000     0.5540000      6.329900      5.976731      1.125332      1.101034     0.9784082      1.003400    
  10.58900      4.510000      21.00000     0.5561000      6.343900      5.943964      1.126711      1.102213     0.9782568      1.003400    
  10.58900      4.520000      21.00000     0.5583000      6.358000      5.911100      1.128121      1.103403     0.9780886      1.003400    
  10.58900      4.530000      21.00000     0.5604000      6.372100      5.878233      1.129564      1.104591     0.9778917      1.003400    
  10.58900      4.540000      21.00000     0.5626000      6.386100      5.845469      1.130863      1.105776     0.9778159      1.003400    
  10.58900      4.550000      21.00000     0.5648000      6.400200      5.812603      1.132281      1.106972     0.9776486      1.003500    
  10.58900      4.560000      21.00000     0.5669000      6.414200      5.779838      1.133731      1.108178     0.9774617      1.003500    
  10.58900      4.570000      21.00000     0.5691000      6.428300      5.746972      1.135215      1.109353     0.9772187      1.003500    
  10.58900      4.580000      21.00000     0.5713000      6.442400      5.714107      1.136828      1.110566     0.9768983      1.003500    
  10.58900      4.590000      21.00000     0.5735000      6.456400      5.681342      1.138289      1.111759     0.9766930      1.003500    
  10.58900      4.600000      21.00000     0.5757000      6.470500      5.648476      1.139686      1.112962     0.9765511      1.003600    
  10.58900      4.610000      21.00000     0.5780000      6.484600      5.615611      1.141513      1.114160     0.9760372      1.003600    
  10.58900      4.620000      21.00000     0.5802000      6.498600      5.582845      1.142984      1.115351     0.9758242      1.003600    
  10.58900      4.630000      21.00000     0.5824000      6.512700      5.549980      1.144591      1.116550     0.9755010      1.003600    
  10.58900      4.640000      21.00000     0.5846000      6.526800      5.517114      1.145506      1.117758     0.9757766      1.003700    
  10.58900      4.650000      21.00000     0.5869000      6.540800      5.484349      1.146955      1.118959     0.9755906      1.003700    
  10.58900      4.660000      21.00000     0.5891000      6.554900      5.451483      1.148344      1.120166     0.9754623      1.003700    
  10.58900      4.670000      21.00000     0.5914000      6.569000      5.418618      1.149640      1.121365     0.9754052      1.003700    
  10.58900      4.680000      21.00000     0.5937000      6.583000      5.385852      1.151302      1.122570     0.9750438      1.003700    
  10.58900      4.690000      21.00000     0.5960000      6.597100      5.352987      1.152663      1.123783     0.9749449      1.003800    
  10.58900      4.700000      21.00000     0.5982000      6.611200      5.320122      1.154230      1.124984     0.9746617      1.003800    
  10.58900      4.710000      21.00000     0.6005000      6.625200      5.287356      1.155879      1.126176     0.9743022      1.003800    
  10.58900      4.720000      21.00000     0.6028000      6.639300      5.254491      1.157297      1.127389     0.9741572      1.003800    
  10.58900      4.730000      21.00000     0.6051000      6.653400      5.221625      1.158767      1.128587     0.9739552      1.003900    
  10.58900      4.740000      21.00000     0.6075000      6.667400      5.188860      1.160210      1.129807     0.9737946      1.003900    
  10.58900      4.750000      21.00000     0.6098000      6.681500      5.155994      1.161708      1.131013     0.9735774      1.003900    
  10.58900      4.760000      21.00000     0.6121000      6.695600      5.123129      1.163189      1.132222     0.9733769      1.003900    
  10.58900      4.770000      21.00000     0.6145000      6.709600      5.090364      1.164653      1.133431     0.9731920      1.004000    
  10.58900      4.780000      21.00000     0.6168000      6.723700      5.057498      1.166160      1.134663     0.9729916      1.004000    
  10.58900      4.790000      21.00000     0.6192000      6.737800      5.024632      1.167635      1.135877     0.9728020      1.004000    
  10.58900      4.800000      21.00000     0.6215000      6.751800      4.991867      1.169149      1.137093     0.9725815      1.004000    
  10.58900      4.810000      21.00000     0.6239000      6.765900      4.959002      1.170574      1.138306     0.9724341      1.004100    
  10.58900      4.820000      21.00000     0.6263000      6.780000      4.926136      1.172141      1.139523     0.9721724      1.004100    
  10.58900      4.830000      21.00000     0.6287000      6.794000      4.893371      1.174004      1.140756     0.9716797      1.004100    
  10.58900      4.840000      21.00000     0.6311000      6.808100      4.860505      1.175112      1.141969     0.9717957      1.004100    
  10.58900      4.850000      21.00000     0.6335000      6.822200      4.827640      1.176495      1.143198     0.9716981      1.004200    
  10.58900      4.860000      21.00000     0.6359000      6.836200      4.794874      1.177703      1.144428     0.9717461      1.004200    
  10.58900      4.870000      21.00000     0.6383000      6.850300      4.762009      1.179313      1.145653     0.9714580      1.004200    
  10.58900      4.880000      21.00000     0.6407000      6.864400      4.729144      1.180914      1.146850     0.9711547      1.004200    
  10.58900      4.890000      21.00000     0.6432000      6.878400      4.696378      1.182538      1.148111     0.9708868      1.004300    
  10.58900      4.900000      21.00000     0.6456000      6.892500      4.663513      1.184102      1.149321     0.9706265      1.004300    
  10.58900      4.910000      21.00000     0.6481000      6.906600      4.630647      1.185630      1.150547     0.9704098      1.004300    
  10.58900      4.920000      21.00000     0.6505000      6.920600      4.597882      1.187143      1.151790     0.9702206      1.004400    
  10.58900      4.930000      21.00000     0.6530000      6.934700      4.565016      1.188687      1.153001     0.9699783      1.004400    
  10.58900      4.940000      21.00000     0.6555000      6.948800      4.532151      1.190270      1.154226     0.9697179      1.004400    
  10.58900      4.950000      21.00000     0.6580000      6.962800      4.499386      1.191846      1.155468     0.9694778      1.004400    
  10.58900      4.960000      21.00000     0.6605000      6.976900      4.466520      1.193398      1.156672     0.9692258      1.004500    
  10.58900      4.970000      21.00000     0.6630000      6.991000      4.433655      1.195387      1.157918     0.9686552      1.004500    
  10.58900      4.980000      21.00000     0.6655000      7.005000      4.400889      1.196582      1.159151     0.9687180      1.004500    
  10.58900      4.990000      21.00000     0.6680000      7.019100      4.368024      1.198187      1.160371     0.9684384      1.004600    
  10.58900      5.000000      21.00000     0.6706000      7.033200      4.335158      1.199806      1.161599     0.9681559      1.004600    
  10.58900      5.010000      21.00000     0.6731000      7.047200      4.302392      1.201456      1.162813     0.9678370      1.004600    
  10.58900      5.020000      21.00000     0.6757000      7.061300      4.269527      1.203593      1.164011     0.9671139      1.004700    
  10.58900      5.030000      21.00000     0.6783000      7.075400      4.236662      1.205484      1.165243     0.9666187      1.004700    
  10.58900      5.040000      21.00000     0.6808000      7.089400      4.203897      1.207265      1.166505     0.9662377      1.004700    
  10.58900      5.050000      21.00000     0.6834000      7.103500      4.171031      1.209064      1.167773     0.9658488      1.004700    
  10.58900      5.060000      21.00000     0.6860000      7.117600      4.138165      1.210533      1.169052     0.9657332      1.004700    
  10.58900      5.070000      21.00000     0.6886000      7.131600      4.105400      1.212074      1.170306     0.9655397      1.004800    
  10.58900      5.080000      21.00000     0.6912000      7.145700      4.072535      1.214036      1.171573     0.9650240      1.004800    
  10.58900      5.090000      21.00000     0.6938000      7.159800      4.039669      1.216072      1.172844     0.9644526      1.004800    
  10.58900      5.100000      21.00000     0.6965000      7.173800      4.006905      1.218001      1.174123     0.9639751      1.004900    
  10.58900      5.110000      21.00000     0.6991000      7.187900      3.974038      1.220295      1.175376     0.9631897      1.004900    
  10.58900      5.120000      21.00000     0.7017000      7.202000      3.941174      1.221889      1.176628     0.9629583      1.004900    
  10.58900      5.130000      21.00000     0.7044000      7.216000      3.908407      1.224064      1.177925     0.9623072      1.004900    
  10.58900      5.140000      21.00000     0.7071000      7.230100      3.875543      1.226134      1.179193     0.9617156      1.005000    
  10.58900      5.150000      21.00000     0.7098000      7.244200      3.842676      1.228196      1.180457     0.9611305      1.005000    
  10.58900      5.160000      21.00000     0.7124000      7.258200      3.809912      1.230284      1.181729     0.9605333      1.005000    
  10.58900      5.170000      21.00000     0.7151000      7.272300      3.777046      1.232372      1.182995     0.9599336      1.005100    
  10.58900      5.180000      21.00000     0.7178000      7.286400      3.744181      1.234527      1.184269     0.9592894      1.005100    
  10.58900      5.190000      21.00000     0.7206000      7.300400      3.711415      1.236557      1.185533     0.9587377      1.005100    
  10.58900      5.200000      21.00000     0.7233000      7.314500      3.678550      1.238513      1.186803     0.9582480      1.005200    
  10.58900      5.210000      21.00000     0.7260000      7.328600      3.645684      1.240655      1.188068     0.9576136      1.005200    
  10.58900      5.220000      21.00000     0.7288000      7.342600      3.612919      1.242541      1.189370     0.9572074      1.005300    
  10.58900      5.230000      21.00000     0.7315000      7.356700      3.580053      1.244334      1.190624     0.9568357      1.005300    
  10.58900      5.240000      21.00000     0.7343000      7.370800      3.547188      1.246065      1.191869     0.9565058      1.005300    
  10.58900      5.250000      21.00000     0.7371000      7.384800      3.514422      1.247752      1.193156     0.9562445      1.005400    
  10.58900      5.260000      21.00000     0.7399000      7.398900      3.481556      1.249130      1.194433     0.9562118      1.005400    
  10.58900      5.270000      21.00000     0.7427000      7.413000      3.448692      1.250355      1.195698     0.9562864      1.005400    
  10.58900      5.280000      21.00000     0.7455000      7.427000      3.415926      1.251685      1.197004     0.9563145      1.005500    
  10.58900      5.290000      21.00000     0.7483000      7.441100      3.383061      1.252541      1.198248     0.9566537      1.005500    
  10.58900      5.300000      21.00000     0.7511000      7.455200      3.350194      1.253373      1.199522     0.9570350      1.005600    
  10.58900      5.310000      21.00000     0.7540000      7.469200      3.317430      1.254025      1.200786     0.9575453      1.005600    
  10.58900      5.320000      21.00000     0.7568000      7.483300      3.284564      1.254623      1.202028     0.9580784      1.005600    
  10.58900      5.330000      21.00000     0.7597000      7.497400      3.251699      1.254988      1.203308     0.9588206      1.005700    
  10.58900      5.340000      21.00000     0.7626000      7.511400      3.218933      1.255249      1.204574     0.9596293      1.005700    
  10.58900      5.350000      21.00000     0.7655000      7.525500      3.186069      1.255533      1.205811     0.9603977      1.005800    
  10.58900      5.360000      21.00000     0.7684000      7.539600      3.153202      1.255816      1.207073     0.9611863      1.005800    
  10.58900      5.370000      21.00000     0.7713000      7.553600      3.120438      1.256072      1.208326     0.9619877      1.005800    
  10.58900      5.380000      21.00000     0.7742000      7.567700      3.087571      1.256673      1.209602     0.9625437      1.005900    
  10.58900      5.390000      21.00000     0.7771000      7.581800      3.054707      1.257635      1.210840     0.9627916      1.005900    
  10.58900      5.400000      21.00000     0.7801000      7.595800      3.021940      1.259116      1.212071     0.9626368      1.005800    
  10.58900      5.410000      21.00000     0.7830000      7.609900      2.989076      1.262574      1.213479     0.9611151      1.005900    
  10.58900      5.420000      21.00000     0.7860000      7.624000      2.956209      1.267057      1.214860     0.9588047      1.005900    
  10.58900      5.430000      21.00000     0.7890000      7.638000      2.923445      1.272495      1.216127     0.9557026      1.006000    
  10.58900      5.440000      21.00000     0.7919000      7.652100      2.890579      1.277701      1.217440     0.9528366      1.006000    
  10.58900      5.450000      21.00000     0.7949000      7.666200      2.857714      1.281279      1.218786     0.9512260      1.006000    
  10.58900      5.460000      21.00000     0.7980000      7.680200      2.824948      1.281230      1.220091     0.9522811      1.006100    
  10.58900      5.470000      21.00000     0.8010000      7.694300      2.792083      1.278686      1.221442     0.9552317      1.006100    
  10.58900      5.480000      21.00000     0.8040000      7.708400      2.759218      1.273821      1.222728     0.9598894      1.006200    
  10.58900      5.490000      21.00000     0.8071000      7.722400      2.726452      1.268525      1.224075     0.9649599      1.006200    
  10.58900      5.500000      21.00000     0.8101000      7.736500      2.693587      1.262928      1.225350     0.9702452      1.006300    
  10.58900      5.510000      21.00000     0.8132000      7.750600      2.660720      1.257304      1.226770     0.9757147      1.006300    
  10.58900      5.520000      21.00000     0.8163000      7.764600      2.627956      1.252091      1.228044     0.9807944      1.006300    
  10.58900      5.530000      21.00000     0.8194000      7.778700      2.595089      1.247931      1.229337     0.9851002      1.006400    
  10.58900      5.540000      21.00000     0.8225000      7.792800      2.562225      1.242694      1.230670     0.9903238      1.006400    
  10.58900      5.550000      21.00000     0.8256000      7.806800      2.529459      1.240039      1.232065     0.9935694      1.006500    
  10.58900      5.560000      21.00000     0.8287000      7.820900      2.496594      1.238210      1.233261     0.9960034      1.006500    
  10.58900      5.570000      21.00000     0.8319000      7.834900      2.463828      1.239691      1.234637     0.9959236      1.006600    
  10.58900      5.580000      21.00000     0.8350000      7.849000      2.430963      1.245988      1.236027     0.9920055      1.006600    
  10.58900      5.590000      21.00000     0.8382000      7.863100      2.398098      1.257761      1.237309     0.9837394      1.006600    
  10.58900      5.600000      21.00000     0.8414000      7.877100      2.365332      1.280004      1.238676     0.9677132      1.006700    
  10.58900      5.610000      21.00000     0.8446000      7.891200      2.332467      1.313720      1.239992     0.9438784      1.006700    
  10.58900      5.620000      21.00000     0.8478000      7.905300      2.299601      1.361207      1.241337     0.9119387      1.006800    
  10.58900      5.630000      21.00000     0.8510000      7.919300      2.266836      1.407298      1.242561     0.8829406      1.006900    
  10.58900      5.640000      21.00000     0.8542000      7.933400      2.233970      1.443665      1.243959     0.8616673      1.006900    
  10.58900      5.650000      21.00000     0.8575000      7.947500      2.201105      1.456801      1.245273     0.8547995      1.006900    
  10.58900      5.660000      21.00000     0.8607000      7.961500      2.168339      1.447236      1.246604     0.8613688      1.007000    
  10.58900      5.670000      21.00000     0.8640000      7.975600      2.135474      1.426197      1.247941     0.8750132      1.007000    
  10.58900      5.680000      21.00000     0.8673000      7.989700      2.102609      1.402081      1.249250     0.8909972      1.007100    
  10.58900      5.690000      21.00000     0.8706000      8.003700      2.069843      1.382388      1.250586     0.9046562      1.007100    
  10.58900      5.700000      21.00000     0.8739000      8.017800      2.036977      1.363091      1.251901     0.9184281      1.007200    
  10.58900      5.710000      21.00000     0.8773000      8.031900      2.004112      1.349511      1.253212     0.9286419      1.007200    
  10.58900      5.720000      21.00000     0.8806000      8.045900      1.971346      1.339127      1.254556     0.9368463      1.007300    
  10.58900      5.730000      21.00000     0.8839000      8.060000      1.938481      1.329373      1.255871     0.9447092      1.007300    
  10.58900      5.740000      21.00000     0.8873000      8.074100      1.905616      1.323196      1.257163     0.9500959      1.007400    
  10.58900      5.750000      21.00000     0.8907000      8.088100      1.872850      1.317403      1.258484     0.9552767      1.007400    
  10.58900      5.760000      21.00000     0.8941000      8.102200      1.839985      1.309862      1.259775     0.9617617      1.007500    
  10.58900      5.770000      21.00000     0.8975000      8.116300      1.807120      1.303311      1.261043     0.9675690      1.007600    
  10.58900      5.780000      21.00000     0.9009000      8.130300      1.774354      1.295601      1.262431     0.9743979      1.007400    
  10.58900      5.790000      21.00000     0.9044000      8.144400      1.741489      1.286005      1.263798     0.9827313      1.007500    
  10.58900      5.800000      21.00000     0.9078000      8.158500      1.708623      1.275072      1.265192     0.9922513      1.007600    
  10.58900      5.810000      21.00000     0.9113000      8.172500      1.675858      1.267948      1.266599     0.9989362      1.007600    
  10.58900      5.820000      21.00000     0.9148000      8.186600      1.642992      1.266191      1.267947      1.001387      1.007700    
  10.58900      5.830000      21.00000     0.9183000      8.200700      1.610127      1.275854      1.269327     0.9948841      1.007700    
  10.58900      5.840000      21.00000     0.9218000      8.214700      1.577362      1.297932      1.270724     0.9790380      1.007800    
  10.58900      5.850000      21.00000     0.9253000      8.228800      1.544496      1.333456      1.272090     0.9539799      1.007800    
  10.58900      5.860000      21.00000     0.9289000      8.242900      1.511631      1.383559      1.273483     0.9204397      1.007900    
  10.58900      5.870000      21.00000     0.9324000      8.256900      1.478865      1.446837      1.274821     0.8811088      1.007900    
  10.58900      5.880000      21.00000     0.9360000      8.271000      1.446000      1.484247      1.276192     0.8598246      1.008000    
  10.58900      5.890000      21.00000     0.9396000      8.285100      1.413134      1.491823      1.277603     0.8564038      1.008000    
  10.58900      5.900000      21.00000     0.9432000      8.299100      1.380369      1.437345      1.278978     0.8898197      1.008100    
  10.58900      5.910000      21.00000     0.9468000      8.313200      1.347503      1.375341      1.280303     0.9308985      1.008200    
  10.58900      5.920000      21.00000     0.9504000      8.327300      1.314638      1.297101      1.281769     0.9881791      1.008200    
  10.58900      5.930000      21.00000     0.9541000      8.341300      1.281872      1.221485      1.283101      1.050444      1.008200    
  10.58900      5.940000      21.00000     0.9577000      8.355400      1.249007      1.172184      1.284503      1.095820      1.008300    
  10.58900      5.950000      21.00000     0.9614000      8.369500      1.216142      1.138120      1.285934      1.129876      1.008300    
  10.58900      5.960000      21.00000     0.9651000      8.383500      1.183376      1.124701      1.287326      1.144593      1.008400    
  10.58900      5.970000      21.00000     0.9688000      8.397600      1.150511      1.135723      1.288732      1.134725      1.008500    
  10.58900      5.980000      21.00000     0.9726000      8.411700      1.117645      1.161826      1.290175      1.110471      1.008500    
  10.58900      5.990000      21.00000     0.9763000      8.425700      1.084880      1.192598      1.291567      1.082987      1.008600    
  10.58900      6.000000      21.00000     0.9801000      8.439800      1.052014      1.220836      1.293085      1.059180      1.008600    
  10.58900      6.010000      21.00000     0.9838000      8.453900      1.019148      1.241047      1.294512      1.043081      1.008600    
  10.58900      6.020000      21.00000     0.9876000      8.467900     0.9863830      1.263771      1.295985      1.025490      1.008800    
  10.58900      6.030000      21.00000     0.9914000      8.482000     0.9535174      1.295219      1.297485      1.001749      1.008800    
  10.58900      6.040000      21.00000     0.9953000      8.496100     0.9206519      1.309517      1.298976     0.9919507      1.008800    
  10.58900      6.050000      21.00000     0.9991000      8.510100     0.8878865      1.325933      1.300464     0.9807917      1.009000    
  10.58900      6.060000      21.00000      1.003000      8.524200     0.8550210      1.347162      1.302073     0.9665310      1.008900    
  10.58900      6.070000      21.00000      1.006900      8.538300     0.8221564      1.369805      1.303559     0.9516383      1.009000    
  10.58900      6.080000      21.00000      1.010700      8.552300     0.7893901      1.381066      1.305157     0.9450361      1.009100    
  10.58900      6.090000      21.00000      1.014700      8.566400     0.7565255      1.395917      1.306731     0.9361097      1.009200    
  10.58900      6.100000      21.00000      1.018600      8.580500     0.7236609      1.416349      1.308396     0.9237813      1.009200    
  10.58900      6.110000      21.00000      1.022500      8.594500     0.6908946      1.425883      1.310067     0.9187765      1.009300    
  10.58900      6.120000      21.00000      1.026500      8.608600     0.6580300      1.437272      1.311665     0.9126075      1.009300    
  10.58900      6.130000      21.00000      1.030500      8.622700     0.6251636      1.455122      1.313391     0.9025989      1.009500    
  10.58900      6.140000      21.00000      1.034500      8.636700     0.5923991      1.435427      1.315075     0.9161556      1.009500    
  10.58900      6.150000      21.00000      1.038500      8.650800     0.5595326      1.450487      1.316783     0.9078212      1.009500    
  10.58900      6.160000      21.00000      1.042500      8.664900     0.5266681      1.453804      1.318506     0.9069351      1.009700    
  10.58900      6.170000      21.00000      1.046600      8.678900     0.4939017      1.462792      1.320360     0.9026300      1.009700    
  10.58900      6.180000      21.00000      1.050700      8.693000     0.4610372      1.481698      1.322007     0.8922242      1.009800    
  10.58900      6.190000      21.00000      1.054800      8.707100     0.4281707      1.443396      1.323866     0.9171880      1.009900    
  10.58900      6.200000      21.00000      1.058900      8.721100     0.3954062      1.460122      1.325767     0.9079834      1.009900    
  10.58900      6.210000      21.00000      1.063000      8.735200     0.3625398      1.470134      1.327559     0.9030189      1.010000    
  10.58900      6.220000      21.00000      1.067200      8.749300     0.3296752      1.474355      1.329428     0.9017020      1.010200    
  10.58900      6.230000      21.00000      1.071300      8.763300     0.2969089      1.448068      1.331336     0.9193876      1.010200    
  10.58900      6.240000      21.00000      1.075500      8.777400     0.2640443      1.464519      1.333124     0.9102816      1.010400    
  10.58900      6.250000      21.00000      1.079700      8.791500     0.2311778      1.468377      1.335073     0.9092166      1.010500    
  10.58900      6.260000      21.00000      1.083900      8.805500     0.1984124      1.475658      1.336978     0.9060214      1.010500    
  10.58900      6.270000      21.00000      1.088200      8.819600     0.1655478      1.450062      1.338718     0.9232144      1.010700    
  10.58900      6.280000      21.00000      1.092500      8.833700     0.1326814      1.463157      1.340742     0.9163352      1.010800    
  10.58900      6.290000      21.00000      1.096700      8.847700     0.9991693E-01  1.470469      1.342533     0.9129970      1.010800    
  10.58900      6.300000      21.00000      1.101000      8.861800     0.6705046E-01  1.445665      1.344388     0.9299440      1.011100    
  10.58900      6.310000      21.00000      1.105400      8.875900     0.3418589E-01  1.459841      1.346323     0.9222397      1.011100    
  10.58900      6.320000      21.00000      1.109700      8.889900     0.1419067E-02  1.434940      1.348042     0.9394416      1.011200    
  10.58900      6.330000      21.00000      1.114100      8.904000     -.3144598E-01  1.450318      1.349775     0.9306753      1.011500    
  10.58900      6.340000      21.00000      1.118500      8.918100     -.6431150E-01  1.462359      1.351664     0.9243034      1.011500    
  10.58900      6.350000      21.00000      1.122900      8.932100     -.9707642E-01  1.439914      1.353333     0.9398713      1.011600    
  10.58900      6.360000      21.00000      1.127300      8.946200     -.1299424      1.449434      1.355179     0.9349715      1.011800    
  10.58900      6.370000      21.00000      1.131700      8.960300     -.1628075      1.430121      1.356844     0.9487618      1.011800    
  10.58900      6.380000      21.00000      1.136200      8.974300     -.1955733      1.439914      1.358512     0.9434673      1.012000    
  10.58900      6.390000      21.00000      1.140700      8.988400     -.2284384      1.456679      1.360239     0.9337941      1.012100    
  10.58900      6.400000      21.00000      1.145200      9.002500     -.2613034      1.431679      1.361848     0.9512245      1.012100    
  10.58900      6.410000      21.00000      1.149800      9.016500     -.2940693      1.418789      1.363322     0.9609059      1.012400    
  10.58900      6.420000      21.00000      1.154300      9.030600     -.3269343      1.433814      1.365000     0.9520064      1.012400    
  10.58900      6.430000      21.00000      1.158900      9.044700     -.3597994      1.420180      1.366506     0.9622062      1.012500    
  10.58900      6.440000      21.00000      1.163500      9.058700     -.3925653      1.428976      1.367907     0.9572638      1.012700    
  10.58900      6.450000      21.00000      1.168100      9.072800     -.4254303      1.412256      1.369455     0.9696937      1.012800    
  10.58900      6.460000      21.00000      1.172800      9.086900     -.4582963      1.403325      1.370750     0.9767873      1.012900    
  10.58900      6.470000      21.00000      1.177400      9.100900     -.4910612      1.417054      1.372089     0.9682682      1.013100    
  10.58900      6.480000      21.00000      1.182100      9.115000     -.5239272      1.421705      1.373461     0.9660664      1.013100    
  10.58900      6.490000      21.00000      1.186800      9.129100     -.5567923      1.422275      1.374577     0.9664633      1.013200    
  10.58900      6.500000      21.00000      1.191600      9.143100     -.5895581      1.407835      1.375910     0.9773231      1.013400    
  10.58900      6.510000      21.00000      1.196300      9.157200     -.6224236      1.393642      1.377121     0.9881455      1.013400    
  10.58900      6.520000      21.00000      1.201100      9.171300     -.6552887      1.412108      1.378089     0.9759088      1.013600    
  10.58900      6.530000      21.00000      1.205900      9.185300     -.6880546      1.399945      1.379292     0.9852473      1.013700    
  10.58900      6.540000      21.00000      1.210700      9.199400     -.7209196      1.402083      1.380339     0.9844915      1.013600    
  10.58900      6.550000      21.00000      1.215600      9.213500     -.7537856      1.402111      1.380982     0.9849308      1.014000    
  10.58900      6.560000      21.00000      1.220500      9.227500     -.7865505      1.389097      1.382168     0.9950115      1.013900    
  10.58900      6.570000      21.00000      1.225400      9.241600     -.8194165      1.398371      1.382807     0.9888701      1.013900    
  10.58900      6.580000      21.00000      1.230300      9.255600     -.8521814      1.378732      1.383767      1.003652      1.014200    
  10.58900      6.590000      21.00000      1.235200      9.269700     -.8850474      1.380497      1.384518      1.002913      1.014100    
  10.58900      6.600000      21.00000      1.240200      9.283800     -.9179125      1.391071      1.385222     0.9957951      1.014300    
  10.58900      6.610000      21.00000      1.245200      9.297800     -.9506783      1.375307      1.385918      1.007715      1.014400    
  10.58900      6.620000      21.00000      1.250200      9.311900     -.9835434      1.366068      1.386528      1.014978      1.014400    
  10.58900      6.630000      21.00000      1.255300      9.326000     -1.016409      1.389040      1.387029     0.9985518      1.014600    
